47
103
157
222
287
354
420
487
548
621
675
733
808
853
905
982
1032
1100
1154
1203
1279
1350
1413
1457
1530
1585
1646
1696
1753
1810
1873
1933
1991
2044
2099
2153
2209
2271
2326
2407
2472
2535
2595
2642
2691
2767
2829
2871
2930
2995
3069
3145
3200
3249
3316
3388
3449
3508
3558
3608
3658
3714
3774
3848
3923
3985
4042
4092
4162
4221
4279
4325
4382
4434
4498
4558
4610
4678
4744
4805
4860
4936
4990
5057
5096
5160
5217
5289
5377
5433
5482
5530
5594
5662
5723
5781
5842
5904
5964
6034
6075
6126
6185
6231
6289
6355
6397
6460
6532
6584
6648
6713
6762
6809
6881
6947
7027
7089
7152
7194
7262
7318
7370
7430
7492
7547
7613
7665
7731
7808
7857
7932
7989
8052
8111
8183
8231
8287
8352
8420
8485
8533
8587
8628
8686
8765
8822
8884
8935
9016
9073
9135
9207
9255
9335
9414
9475
9543
9608
9665
9733
9787
9837
9896
9951
10000
10059
10136
10190
10252
10302
10352
10404
10462
10527
10593
10649
10716
10787
10838
10897
10961
11019
11079
11147
11203
11275
11334
11400
11463
11517
11568
11631
11684
11742
11821
11888
11939
11994
12058
12117
12187
12261
12315
12371
12429
12493
12570
12624
12715
12793
12842
12882
12929
12985
13050
13113
13169
13249
13295
13344
13395
13458
13511
13564
13637
13700
13754
13832
13896
13938
13995
14055
14129
14192
14256
14313
14367
14422
14480
14539
14607
14670
14722
14771
14838
14896
14946
15009
15068
15124
15179
15234
15303
15378
15423
15489
15555
15619
15667
15742
15797
15869
15926
15981
16043
16094
16143
16218
16259
16320
16376
16426
16495
16540
16607
16682
16741
16799
16865
16925
16982
17036
17103
17168
17229
17297
17365
17404
17515
17574
17625
17689
17748
17799
17862
17924
17986
18060
18116
18160
18215
18268
18318
18390
18483
18544
18596
18656
18709
18765
18812
18880
18953
19017
19084
19135
19194
19251
19309
19364
19425
19492
19551
19610
19672
19728
19779
19834
19910
19953
20009
20064
20106
20171
20243
20289
20344
20398
20460
20519
20568
20646
20710
20809
20860
20907
20963
21031
21093
21148
21200
21246
21303
21347
21416
21467
21529
21580
21629
21686
21746
21796
21865
21915
21980
22032
22082
22130
22191
22247
22296
22350
22404
22448
22496
22547
22613
22671
22726
22795
22841
22897
22934
23001
23073
23136
23210
23256
23312
23380
23454
23516
23564
23629
23688
23754
23835
23919
23970
24032
24096
24165
24226
24292
24350
24407
24482
24537
24621
24678
24725
24798
24851
24907
24966
25025
25090
25154
25216
25260
25322
25375
25448
25516
25552
25599
25664
25739
25772
25825
25910
25968
26015
26074
26142
26202
26254
26319
26367
26413
26486
26559
26613
26676
26767
26824
26901
26961
27027
27068
27150
27205
27256
27312
27380
27440
27486
27548
27614
27685
27765
27838
27893
27954
28034
28089
28181
28231
28274
28327
28385
28463
28557
28622
28693
28746
28821
28876
28943
29015
29075
29121
29180
29259
29299
29353
29429
29479
29537
29602
29655
29703
29756
29814
29877
29935
30007
30062
30110
30159
30201
30265
30329
30386
30463
30520
30571
30624
30677
30737
30801
30852
30897
30960
31005
31081
31138
31215
31289
31352
31412
31461
31522
31607
31675
31729
31779
31832
31884
31946
32001
32059
32110
32172
32231
32301
32350
32424
32482
32539
32598
32660
32721
32773
32810
32863
32936
32982
33052
33119
33165
33210
33265
33333
33398
33489
33570
33654
33727
33785
33858
33916
33965
34033
34125
34192
34255
34314
34373
34437
34496
34563
34630
34677
34726
34788
34853
34897
34972
35031
35077
35146
35202
35251
35307
35360
35443
35491
35576
35632
35673
35746
35796
35854
35905
35976
36031
36099
36165
36210
36274
36328
36386
36478
36551
36610
36659
36724
36783
36854
36912
36963
37025
37088
37152
37201
37257
37297
37342
37398
37472
37537
37578
37639
37687
37757
37820
37892
37953
38046
38090
38144
38217
38278
38353
38413
38474
38532
38597
38653
38724
38828
38889
38939
38976
39043
39120
39185
39254
39305
39355
39409
39480
39533
39591
39653
39736
39786
39854
39913
39991
40034
40122
40180
40248
40315
40394
40487
40549
40625
40683
40731
40790
40850
40918
40985
41046
41092
41143
41204
41266
41307
41371
41444
41502
41570
41618
41679
41799
41856
41912
41972
42050
42102
42153
42208
42260
42313
42384
42454
42499
42550
42619
42668
42742
42795
42852
42906
42984
43043
43111
43191
43236
43289
43344
43419
43477
43527
43576
43627
43683
43743
43795
43854
43909
43985
44047
44108
44178
44242
44302
44370
44423
44488
44560
44625
44688
44746
44789
44844
44915
44974
45031
45083
45134
45195
45250
45324
45364
45429
45488
45546
45616
45669
45728
45794
45902
45969
46020
46081
46145
46206
46264
46320
46385
46448
46511
46574
46634
46682
46738
46816
46895
46951
47004
47058
47131
47196
47256
47331
47404
47462
47526
47576
47654
47717
47779
47834
47901
47960
48003
48067
48134
48211
48269
48326
48371
48429
48502
48552
48627
48680
48734
48810
48873
48931
48984
49060
49129
49197
49273
49326
49419
49470
49521
49569
49647
49722
49785
49833
49902
49981
50038
50088
50154
50197
50258
50303
50353
50407
50442
50502
50555
50605
50652
50699
50748
50822
50911
50967
51024
51069
51132
51205
51247
51332
51386
51436
51485
51531
51585
51642
51703
51754
51818
51868
51917
51981
52070
52131
52185
52253
52336
52397
52459
52509
52574
52638
52703
52757
52824
52882
52936
53001
53050
53107
53184
53244
53308
53344
53415
53465
53534
53617
53687
53743
53829
53893
53944
53996
54060
54118
54177
54225
54301
54368
54436
54484
54546
54596
54658
54715
54789
54865
54927
54995
55064
55137
55199
55267
55321
55360
55413
55468
55537
55608
55673
55723
55769
55836
55894
55972
56028
56095
56150
56206
56263
56318
56356
56414
56482
56527
56582
56649
56706
56774
56826
56878
56955
57027
57080
57137
57213
57266
57347
57396
57476
57521
57589
57639
57698
57754
57825
57898
57990
58046
58117
58183
58265
58320
58356
58413
58451
58515
58558
58605
58650
58707
58763
58818
58882
58947
59015
59083
59138
59205
59259
59334
59390
59465
59539
59601
59659
59710
59770
59812
59881
59944
59992
60048
60107
60166
60215
60269
60339
60408
60482
60537
60606
60655
60729
60819
60867
60916
60984
61026
61091
61143
61234
61301
61379
61423
61500
61560
61624
61679
61737
61808
61852
61943
61994
62069
62137
62202
62265
62325
62385
62430
62516
62578
62633
62701
62756
62819
62874
62936
62999
63073
63133
63196
63264
63329
63419
63484
63553
63604
63675
63726
63773
63827
63910
63968
64016
64069
64125
64200
64258
64320
64386
64443
64509
64560
64614
64686
64740
64806
64854
64917
64981
65041
65103
65155
65209
65264
65329
65393
65457
65529
65596
65649
65713
65767
65823
65885
65942
66011
66055
66138
66177
66225
66269
66327
66379
66446
66506
66565
66638
66687
66725
66795
66857
66900
66963
67014
67075
67145
67186
67259
67311
67384
67451
67492
67543
67619
67665
67735
67791
67840
67896
67958
68023
68085
68149
68222
68270
68327
68395
68450
68514
68573
68619
68670
68747
68836
68886
68947
69013
69067
69140
69238
69288
69338
69408
69471
69538
69596
69657
69717
69762
69829
69915
69974
70042
70089
70156
70226
70295
70359
70424
70487
70553
70603
70672
70741
70785
70863
70915
70967
71035
71109
71176
71217
71280
71334
71373
71444
71501
71576
71640
71691
71746
71816
71885
71941
71990
72061
72126
72171
72234
72289
72346
72416
72483
72546
72633
72684
72759
72850
72912
72968
73017
73064
73130
73199
73269
73346
73394
73474
73523
73572
73613
73666
73738
73794
73843
73928
73989
74059
74130
74178
74241
74313
74370
74421
74472
74541
74599
74653
74718
74782
74842
74922
74964
75027
75078
75139
75222
75275
75331
75387
75448
75505
75565
75619
75685
75739
75813
75873
75923
75987
76045
76094
76164
76228
76292
76350
76404
76462
76523
76589
76660
76707
76792
76844
76903
76953
77022
77082
77143
77200
77240
77289
77345
77415
77484
77540
77598
77670
77737
77782
77839
77885
77932
77984
78048
78132
78199
78250
78296
78358
78417
78491
78546
78598
78657
78705
78749
78808
78875
78930
78984
79053
79119
79183
79238
79291
79336
79392
79460
79531
79603
79647
79692
79751
79805
79884
79947
80001
80069
80123
80197
80241
80299
80355
80423
80486
80559
80610
80672
80717
80787
80855
80926
80974
81035
81096
81168
81228
81299
81351
81435
81487
81536
81590
81640
81701
81749
81810
81889
81961
82014
82095
82138
82179
82250
82322
82377
82446
82507
82549
82616
82664
82725
82776
82866
82925
83008
83047
83113
83181
83220
83283
83394
83453
83500
83569
83615
83675
83744
83820
83880
83928
83975
84044
84094
84142
84217
84284
84353
84413
84481
84528
84589
84653
84709
84778
84833
84903
84960
85011
85080
85130
85173
85250
85320
85372
85430
85475
85562
85607
85670
85720
85771
85826
85881
85975
86044
86107
86162
86229
86288
86348
86406
86472
86523
86579
86645
86689
86754
86808
86855
86925
86985
87041
87098
87177
87230
87288
87357
87418
87468
87527
87604
87667
87723
87795
87856
87908
87963
88017
88091
88158
88212
88272
88329
88396
88450
88519
88593
88631
88684
88746
88801
88866
88970
89019
89080
89125
89184
89253
89315
89369
89421
89468
89522
89581
89645
89701
89775
89827
89890
89957
90012
90087
90152
90216
90285
90344
90393
90450
90487
90568
90617
90697
90744
90812
90863
90907
90989
91058
91122
91168
91230
91288
91368
91422
91478
91539
91623
91672
91755
91813
91881
91928
92009
92073
92135
92189
92250
92311
92359
92413
92455
92526
92584
92659
92717
92796
92863
92924
92976
93013
93068
93118
93170
93226
93275
93330
93396
93444
93507
93575
93628
93694
93742
93802
93869
93932
93992
94060
94123
94172
94224
94274
94318
94370
94443
94523
94576
94637
94698
94748
94809
94868
94933
95009
95072
95122
95197
95253
95301
95361
95424
95469
95531
95594
95655
95710
95758
95819
95876
95920
95991
96038
96092
96145
96206
96292
96339
96384
96450
96520
96573
96624
96694
96756
96827
96875
96940
96999
97066
97128
97189
97230
97270
97329
97403
97445
97519
97574
97630
97701
97783
97855
97904
97961
98021
98068
98111
98164
98211
98275
98343
98388
98444
98492
98551
98613
98677
98745
98819
98895
98957
99022
99094
99156
99229
99278
99334
99400
99453
99534
99579
99662
99707
99753
99802
99854
99908
99957
99997
100041
100102
100164
100233
100282
100349
100410
100466
100516
100579
100638
100692
100739
100788
100845
100924
100982
101066
101119
101173
101257
101321
101378
101428
101487
101546
101589
101668
101728
101770
101831
101894
101951
102017
102070
102159
102229
102301
102354
102414
102479
102536
102588
102647
102692
102743
102784
102849
102908
102962
103018
103065
103124
103184
103258
103326
103389
103450
103507
103570
103635
103690
103767
103823
103899
103961
104042
104104
104158
104214
104279
104333
104397
104464
104526
104596
104657
104729
104788
104865
104935
105008
105070
105137
105181
105246
105323
105389
105457
105542
105590
105650
105715
105784
105843
105892
105939
105992
106048
106097
106164
106221
106268
106333
106395
106460
106551
106612
106667
106725
106794
106857
106942
107017
107091
107146
107192
107252
107309
107361
107425
107488
107554
107617
107681
107737
107800
107867
107928
107997
108055
108103
108181
108244
108309
108354
108422
108492
108556
108626
108675
108725
108799
108863
108936
108986
109046
109150
109211
109262
109331
109384
109451
109508
109558
109626
109708
109772
109841
109913
109993
110044
110091
110140
110202
110273
110332
110395
110449
110516
110563
110615
110677
110742
110801
110853
110900
110959
111012
111060
111123
111189
111248
111319
111374
111422
111498
111574
111639
111687
111723
111767
111856
111944
111996
112059
112133
112194
112255
112311
112373
112423
112478
112531
112593
112663
112728
112781
112865
112918
112968
113028
113087
113154
113207
113260
113337
113427
113474
113520
113580
113621
113680
113761
113814
113870
113921
113977
114039
114106
114181
114253
114329
114418
114474
114547
114591
114650
114699
114743
114794
114848
114924
114979
115027
115097
115154
115214
115278
115332
115386
115437
115499
115563
115618
115678
115731
115779
115850
115920
115999
116059
116123
116200
116276
116339
116398
116446
116516
116592
116641
116704
116757
116856
116910
116987
117060
117105
117169
117244
117304
117364
117430
117495
117556
117615
117675
117746
117804
117849
117910
117965
118035
118078
118144
118200
118256
118307
118368
118414
118471
118540
118602
118651
118731
118795
118854
118921
118974
119043
119090
119157
119217
119293
119365
119425
119472
119523
119581
119636
119696
119756
119805
119860
119917
119966
120029
120080
120130
120184
120238
120301
120362
120429
120483
120559
120630
120679
120727
120789
120855
120931
120985
121057
121099
121142
121201
121256
121309
121357
121413
121481
121545
121631
121697
121751
121814
121899
121965
122006
122061
122132
122192
122249
122318
122370
122416
122485
122534
122590
122637
122700
122750
122813
122868
122933
122978
123029
123092
123162
123217
123263
123325
123393
123445
123488
123544
123608
123657
123718
123784
123830
123895
123981
124057
124124
124174
124234
124305
124392
124447
124502
124576
124634
124723
124784
124829
124928
124993
125051
125110
125187
125248
125327
125378
125430
125482
125543
125606
125655
125715
125768
125826
125900
125953
126021
126079
126129
126187
126250
126311
126367
126428
126493
126546
126605
126667
126724
126784
126863
126930
127000
127060
127110
127170
127218
127298
127361
127420
127481
127551
127642
127703
127766
127853
127893
127949
127989
128035
128123
128168
128222
128268
128326
128394
128445
128521
128599
128645
128701
128754
128804
128865
128934
128984
129040
129100
129175
129222
129285
129347
129407
129458
129510
129570
129617
129688
129746
129794
129841
129915
129974
130024
130089
130153
130202
130269
130323
130403
130455
130502
130568
130630
130703
130764
130813
130866
130923
